0
-0.0118354851620097
-0.00889483135813407
-0.00248146651767911
0.00123510200683086
0.00465099601478869
0.0133109259044204
-0.00892815841007177
0.00673011134824719
0.00380636217585106
0.00977966349603321
0.00317687404105982
-0.000725124698533364
-0.0114303189100156
-0.00512319750703227
-0.0121182410838401
-0.00354520972689443
0.00197317037577704
-0.00399232379811565
-0.00758186170196495
-0.00149919714920088
-0.0080575820162494
0.00415882526613132
-0.0044379271971593
0.00788659839872707
-0.0134193927342494
0.00365218125966749
-0.0100057338358965
-0.00956747320628892
-0.00736630387075365
-0.00557326645264311
-0.00572914929955459
0.00927455738406024
-0.0106044897665925
0.000954492215328173
-0.0139153675986563
0.00751826289103974
0.015785684874345
-0.0026802976063891
-0.00372527722743143
-0.00756101737692916
-0.00154053916401153
-0.00792748646904329
-0.00778797094994843
-0.0091394796837676
-0.000894494629733344
0.0202140928212202
-0.00443226100537686
-0.00910164324272955
0.0153955676292981
-0.00518488455657007
0.00355781399980515
0.0034401675487743
0.00431934806454137
-0.00566160777736968
-0.00368625322414573
-0.00479059407211935
0.0117686472542573
-0.00654652682112555
-0.00921584660727603
-0.00701949640961175
-0.0125967323471059
-0.000294941202696464
-0.0279881058845604
-0.00374304604190456
-0.0093004386925486
0.00236912029379255
0.00162431967873999
-0.00196044541473839
0.0179587069461604
-0.00585897168423344
0.00607903215757233
-0.00669681061128813
-0.0136675794087751
-0.00305270586295592
0.00413270677324817
-0.0103844781515363
0.00783071663670398
0.00736122678381435
0.0010492481764004
-0.0056233944850419
0.00494281032604249
0.00208517882288106
-0.00183546178311644
0.00367675290010538
0.020520968511164
0.00663086743440999
-0.00507636362965513
0.000894869182502589
-0.00693388539184525
0.00766422604738182
0.0066531492446984
-0.0113173759557412
-0.00442093537958499
0.000121064706263496
0.00862351152909469
-0.00427241054660499
-0.00413812336137198
0.00556222324985356
0.00507218726488645
0.0140907562165467
0.006209056681314
0.00123858975211988
0.0214130152552343
-0.00141288693953356
-0.00965708734599957
-0.0177684100983697
-0.00145252433549103
0.00470760504401824
-0.00535952654331595
-0.0148513001431638
0.00497925232957641
-0.00258213623033043
0.0147348361837203
0.00610742827950617
0.00503297990542251
0.00643418842798837
0.0130004400949701
-0.00699699732933823
0.00452244498490018
-0.00829333769331697
-0.00894106108387405
0.0140304248411667
-0.0111973746696776
-0.00449953064912734
0.00743369514896131
-0.000231766480283113
-0.0071001116516527
-0.015684706408706
-0.00511890543612026
0.000286746137135196
0.000569661925396758
-0.0112166204459072
-0.0196505371004605
-0.00912634643793808
-0.0173821536403693
0.0010655324047093
-0.00812294427373672
-0.00802642390863184
-0.0109793854483087
-0.00223225559591356
0.00102272187166363
-0.0166360093576259
0.00279119512481429
-0.0104692383318934
-0.00777747499728321
-0.00427325949772239
0.0198983117027183
0.0138649448689421
0.0051421416002313
0.00737132484425729
-0.00473266479787071
0.00200628240338574
0.0160783460432867
-0.0252032111404787
0.00232187869585232
0.00188955142971281
0.0149596254517519
0.00447906193869585
-0.00303696157470768
-0.0190422619626816
-0.00570391626069977
0.0108536519140898
0.00290960197514778
0.0026128525518061
0.00334591383386851
0.000410891310025363
-0.00703381708535744
0.00548018480731116
-0.00557270663432519
0.000769888204445124
0.00727583445552682
-0.00857394894433128
-0.0202559738455648
-0.0138475834373821
-0.00213201167048283
0.00131099547752456
0.00983792371687287
-0.00646029375741364
-0.000437706447883102
0.00323041144815761
0.00449145214952296
-0.00175521941218904
0.00430778271413601
-0.00364809598750071
0.00198137668280651
-0.0132693114883295
0.0130501795003966
0.000610687868856985
-0.00632440161803061
0.00381267663169638
0.00831077496263788
-0.00257926311587653
-0.0066039711726944
0.00538571780543862
0.00242786988519583
0.00434225689434697
0.00570038327953171
0.00708669327741518
-0.0090086953791797
-0.0120329513613342
-0.0188612377102118
0.00258289086855257
0.00115357431945995
0.0104529970891463
-0.0160173641021402
0.00714240471518224
0.00513984531949063
-0.00559184813482716
-0.0135258120170647
-0.00313720780479798
0.0109623152429776
-0.00241695951297061
-0.0127776472407959
-0.0177094923079721
-0.000606892221867383
0.00830727549384846
-0.00520783966896943
-0.0142601165349561
0.000529816415451023
-0.0168853247926108
0.00529363755697432
-0.00260180692680478
-0.0089998487712819
-0.00215979430117841
-0.00328334610242109
0.00344287082020855
0.00199834586180714
-0.00683646126537951
-0.0030842419879491
-0.00607323704446117
-0.0101675438845632
-0.00970285934738513
0.00192091754718149
0.0126101764078612
-0.00729760218314368
-0.0162204706803095
0.0105201860085344
0.0139285406438603
0.0127145571126448
-0.00798871166307435
0.00251228159129369
-0.000255836998576342
-0.00624116440530997
-0.00859399763487545
0.0108417419685338
0.00335174497956814
0.00796987234525659
0.00491382617474301
0.001008342531577
0.000815600875057498
-0.000223106478415502
0.0132823522744729
0.0321677112287944
-0.00448205078464525
-0.0142698422361036
0.00945748538163116
0.0153088211477552
0.0209981843885316
-0.0156757425274918
-0.000903393871681146
0.00367679485555072
-0.00539163045141322
0.0152554442241808
0.00176412203063592
0.0106921745893942
0.000982119424520533
-5.84677260349054e-05
0.0109794693258891
0.00522309441112156
0.000186874611927124
0.00395245653112397
-0.0124348388839053
-0.00856890167153779
0.0025630707448272
0.00720989474666567
-0.00634887488104141
0.0133514921541291
0.0013434868768627
0.00167836525270104
-0.00610148722898884
-0.00156061147185937
0.00490812160342102
-0.0112482403432068
0.0151290750551425
0.00672554898346789
0.00202411003272118
0.00584318519258886
0.014139133203912
0.000337330438355821
-0.00243219300659803
-0.0078285112164167
-0.00666432734124101
0.0113786300073571
0.00666758916281651
0.0195265576525117
0.0045431641669893
-0.0176685304888906
0.000326372969766453
0.0185841985249908
0.00484974894152401
0.0162783694008795
-0.00254709929777164
-0.00852194581113963
-3.32602105572732e-05
-0.00136230984719532
0.00744995833974826
0.0135118825490963
0.000639831291778137
0.00384449774935547
-0.00216628902126104
-0.00281555113110699
-0.00556044303959879
0.00847233054821572
0.0177379844610641
-0.0177553678443019
0.00240981923980144
0.00835018200950799
-0.00650851487773707
0.0172498100849907
-0.0130916145394622
-0.0114902147093972
-0.0147157559302968
0.0140450813772759
0.0146272321683227
-0.0113424595940614
0.00208829494454221
0.0143768174522165
0.00613535501122442
-0.00364173118805411
0.00094832395393496
0.00604248937952434
-0.0119315399593916
0.00761069562850025
-0.00403434907343581
0.00632067374647249
0.00371317153440032
-0.0139267434358317
0.000130237412918177
-0.000944431444736438
0.0128664778765142
-0.0120215581272305
-0.00832229854518118
0.00605244654639137
0.0191774343549014
-0.00442015424187048
-0.0044464116377867
-0.00186598101333857
-0.00240466912634929
0.00814293452219772
-0.00113791890385073
0.00333197716895484
-0.000137139562980337
0.00686636074590297
0.0025240660243071
-0.0071480154499568
-0.0109466928307711
0.00624586753940548
0.0133118527837723
0.00919140374867311
0.00525451056557813
0.00275646143234098
-0.0203318632361515
-0.00786805398240631
0.00340620162023697
-0.00728438641760931
0.00328744410342097
0.00603176598963273
-0.0018320510276908
0.00386361654091161
0.0105910046024746
-0.00249049876742902
0.0233266640930196
-0.00851767644860502
-0.00536847617286185
-0.000706530829461371
-0.00266890961302124
0.00130404143681062
-0.00176742250425832
0.00489069792649843
0.00578007002138747
0.00599063750314599
0.0110410866280972
0.0109218863505021
-0.00495552530753685
0.000567355266753111
0.00330658194866373
-0.00262669246274072
0.0010135075672224
-0.0144419683055048
-0.0050551102102645
0.00539495697012171
0.00147477963503206
-0.00966890403640264
-0.000104165302673209
0.0191850467028871
0.0170945833913265
-0.0028712189766793
-0.0122993958790403
0.0159049513436003
-0.0110720437961618
0.0126258611087451
-0.00475887492552829
-0.00956110551362599
0.0147355512285685
-0.0214358475842573
-0.000250758346055591
0.00419280551864176
-0.0147239808039785
0.00346436738198008
0.00808868375281691
0.00545660609088827
-0.0131679770004212
-0.0204553335036053
0.0113211373688955
0.0242479987782644
0.00258853700563577
-0.0138417229749166
0.0134264214640325
0.00240787887969418
-0.0167786309209532
0.0123751357599531
-0.00919268862787703
0.00826736109934245
-0.00895218566711264
0.00354737064890287
0.00177834869805338
0.0108078234344475
-0.00416986490677118
0.00572663029265641
-0.0026308095522154
-0.00186186576149794
0.0140561109201371
-0.0152203627857261
0.0100626123748953
0.0161458707920019
-0.0015763512411695
0.0118026185659801
0.0028382104147795
0.00346337870860225
-0.00436850796847921
0.0027860233493584
-0.0205016721407674
-0.0118600948303538
-0.0043237744163207
0.00461637816817984
-0.000430473116580288
-0.00664627718276734
0.0105878173377505
0.00421240215655416
0.00667833170393806
0.00428826049517284
0.0278819406954653
-0.00660291254860113
0.00110013281312149
0.0179258856759361
0.0018287098031351
0.00985121263101973
0.00183619176550565
0.00100498072526989
0.0094640696680699
-0.00381385959667568
0.0132869330636822
-0.0143024254882675
-0.000728703758682059
0.00562246025344848
-0.0119030599016696
0.00121726065935945
0.0157985046992053
-0.0130936353526749
-0.00210274150356327
0.0098796436518569
0.00714595554188691
0.00106894408224889
0.00282209848137427
-0.00876302076744651
-0.0278855405169907
-0.00989837797510518
0.0122820958584953
0.000430044685458597
0.00382029401896489
0.00405933223180455
0.0092195748195536
0.0010123519704166
-5.91643774896511e-05
-0.00586378833997969
-0.0183146560904106
-0.0140532232165924
0.0155395642721032
-0.00880199260177505
0.00742195727593753
0.017203085711003
-0.0033179469079414
-0.00100600276982732
0.00522476100616132
-4.75842393825587e-05
-0.0060224149840451
0.00414745845762354
-0.00954381936583104
-0.00676790172030906
0.00740851675470822
-0.00152611280020665
0.00202690562082353
-0.00589297142221312
0.00518677156730973
-0.00593246744961107
-0.00402055648828537
0.0151481969511451
-0.00453806211271512
0.00527085383100712
-0.0156143053328606
0.00906006009017801
-0.00841655190333768
-0.00982831007945606
0.00475507201235814
-0.0067158237344529
0.00557285590502943
0.000309919063397501
-0.0187504145326329
0.0220452969616645
-0.0194078425718089
-0.000619722560031732
0.0134470125865391
-0.000891692098889507
0.00742472615058887
0.0126313176189115
-0.0149352997702863
-0.0120526878466762
0.0180796714565759
0.011345710354135
-0.0125655421589954
-0.00469172511839133
-0.0043520480164716
0.0233539817686506
-0.00251829621515753
0.00745264091960962
5.59802862198922e-05
-0.00554591281752437
0.0120175362778809
-0.0128482104717023
0.0152524129393896
0.00128707687201768
0.00925568869718063
0.00433746543637881
0.00841658323975025
0.0138257534472359
-0.00762784861865384
-0.00987006035882132
0.00613100622797447
-0.00803082253833054
-0.00132625800085862
-0.00793367390144795
-0.00277842801756378
-0.00659767245713283
0.0102884626277273
-0.0130715253851577
-0.000317847041401365
0.00248445482429815
-0.00822437481042471
-0.0220426627747656
-0.00678174371057594
-0.00801501065041066
-0.00666742717521629
0.00475526282400551
0.00970651388308852
-0.00797455344184073
-0.0161704032939269
-0.0024382098690694
0.00151813777256393
0.00283038471036434
0.000139812705583608
0.011732475630879
0.00696521041209053
-0.0130817422161726
-0.0123572336289044
0.0101883849065416
0.00636212020788207
0.00303807088050689
-0.0102953971967281
-0.00330676443320499
-0.00778133417804838
0.0131221821170584
-0.0118969687417803
-0.013031688258593
0.0154578809161876
0.00941907465789882
-0.00365696853350528
-0.00974851690182277
-0.000682982308603641
0.0151577019888691
-0.00676731513681261
-0.00333756527209061
0.000778872262344521
-0.00376080842943338
0.00450575407091947
0.005148108248477
-0.000464057071894786
-0.00871761484893341
0.0117785924420559
-0.00718135482929938
-0.00689249265235503
0.0114525732828952
0.00787928371528324
0.00361502064902197
0.0170265549932083
0.00514622478908677
-0.00902978277724742
0.00292524198459887
-0.0191340028724198
-0.00388538062372845
-0.000921644592608573
0.00222362735780735
0.00392807885157254
0.000115392756242727
0.00263269224672058
-0.00918406664789018
-0.0229275766465662
0.00273723778616386
-0.00687535049007693
-0.0172479647242199
-0.00919020862340858
-0.0152810682767495
0.0059569206081278
-0.00689057881947974
-0.00890799274588971
-0.00343701707038235
0.0110348288129671
-0.00461542241419011
0.000929212549522163
0.00949997561690452
0.0127900535063645
0.0083602981412696
-0.019505886912043
0.00848954992488871
0.0211547407088801
-0.0081332805425518
-0.00714932865446372
0.0114490566355698
-0.00435104971495548
0.00576876732282017
-0.016001117268388
-0.00459899525537821
-0.0126706884959731
-0.000517743068712662
-0.00489671787488533
-0.000381556240881764
0.00857643987967549
-0.0127757767739922
-0.0095125132281737
0.0212615142537516
0.000448163230203136
0.000646017861981818
-0.01080518458798
0.00649480423976456
-0.00972436280767397
-0.00477747854074551
-0.0090686350388296
-0.00485245210325047
0.00349836111900004
0.0101665436992562
-0.00203086298790822
-0.00280452422191502
-0.00215013922593243
0.00259423328134289
1.28254831679442e-05
0.00386945271850436
-0.00808650920112086
-0.00203445435715821
0.00590349810681801
0.00397091815887052
0.00376479564192778
0.00877338026032248
0.00151253283627284
0.00316216042165252
0.000215676443986013
0.000837752742654629
0.0109644339783017
-0.00856793830155311
0.00795994545137546
0.00926824257226144
-0.005980233627497
0.0107931327473807
-0.0213811261851333
-0.0059731383239523
0.00881162092650811
-0.0165275837573517
-0.000750580536532652
0.0154408635229402
-0.0132595719077244
-0.00304860695291609
-0.0147533210881647
0.00742875562832523
0.00125576920140702
-0.0118543618219746
-0.0139280389233818
0.00798869607797315
9.8377595236343e-05
0.00255297240710206
0.00293187956901875
0.000940726984140383
0.0100259190885481
0.000542284996868148
-0.00461127583832877
-0.013190095179425
0.0167192298561076
0.0105579431551632
-0.00117501904344408
-0.0062032657049258
0.0111107113078788
-0.0138249032615931
-0.00623713643381052
-0.00512198872661429
0.00171877880825377
-0.00467490531946169
-0.0168451277402255
-0.00956562307260356
-0.000369096651411382
0.00873697218764846
-0.0136091265037521
0.00636857864458307
0.000747401367902967
-0.00758619629471013
0.0127349608688974
-0.00162457305054886
-0.00681329640303829
0.00185110292977697
0.00781444526035102
-0.00434321319664832
0.000902871056496224
0.00376277107534406
-0.000159673024654694
0.00925678932924257
-0.0135378426646184
0.0024521850259589
-0.00131065202060654
0.00440419948301951
-0.0158643336739033
0.000781479500915339
-0.0137162019155994
-1.8224905261377e-05
0.00429092421802579
0.00652841087014622
-0.013278350496762
0.00527581389940224
0.00137912631942072
-0.00717320304670466
0.00331720270071401
0.0057121184022435
0.00438014779058449
-0.000716601300268849
-0.00701400209072744
0.00038874806568856
-0.00264255973240779
0.00732198461571443
-0.0110872744110111
0.00541088687896263
0.00569037008267514
0.0209566500383289
-0.0217480991470893
0.0174548236731198
0.00683748034089149
0.000412779879752634
-0.00522861385127271
0.0129869428548091
-0.0170768745120995
-0.00689072321779349
-0.00147683266584409
0.00384125241362199
0.00592219890586421
-0.00496890015347162
-0.0115318768740735
0.00868410565658451
-0.0136238252405292
-0.0111802083557677
0.0229282183527175
0.00447659497660879
-0.00829424123128319
0.00289805203021842
0.0107018149902842
0.00527508922777997
-0.00852667529989048
-0.0170944664646413
-0.00630752040365223
-0.012774917970205
0.0131748767944373
0.00531855684005222
0.0118232065123038
0.0096180369683907
0.00974171452935479
-0.0101691427530568
0.00827854045974163
0.00333346641752996
0.00275992967158345
-0.00177590512373627
-0.00199680289085791
0.00763878789996397
0.00542112550851925
0.0072820492965775
-0.00163819480940219
-0.00198688466241492
-0.00515254383776664
0.00407958061748559
-0.00199473307782227
0.0011244974315332
0.00197767905444834
0.0062619991470001
-0.00331269371690723
-0.0173643642845036
-0.00174689481298174
0.00280116501653538
-0.00611040851185862
-0.00283180134204031
0.00649209864400291
0.0264380080787987
-0.00711392116750176
0.00929839327829995
0.0022728081638661
0.0078035221869186
-0.000432984326721453
-0.0118114150857309
-0.0041801078394883
0.00465841196808015
-0.0144327156348254
-0.00119958676657461
-0.00785523839090274
-0.0141862172431502
-0.00344806278815213
-0.0105966422182746
0.0142293268210096
0.00712866747369389
0.00108258574528008
0.00280302816872791
0.020732175451144
0.00359166543410083
0.00700766317379475
-0.00088130391213781
0.00865848469777575
0.00636781119590069
0.00979923918407621
0.0025589503898118
0.0170634620812962
0.000785114686095767
0.00209037349611663
-0.00499413914064917
-0.0096653858498712
0.00556655613615931
0.00620946495359931
-0.0145547699729605
0.00603241122473719
-0.0166237841998509
0.0215718732503092
0.0185021264223906
-0.0109595967901441
0.00557661984305469
0.00239637790298275
0.00811082340999292
-0.0129865150283877
-0.0108729387911808
0.0180496098496405
-0.0158985195524792
-0.00845144722097757
-0.0109866073597686
-0.00105548051146798
-0.000873655632972259
0.0010209048480192
-0.0166022144842373
0.00193746065815503
-0.0128564124820514
-0.00781194855903777
0.00308030698568018
0.00486843089845479
-0.00962243531398599
0.0066844800396666
-0.00829736528282865
-0.0168129019424441
-0.0114147877989126
-0.00199248395165341
0.0182313687170108
-0.0163489938566954
0.00128034115346054
-0.000269491981157444
0.0219524928425017
0.010906328217402
0.0136813180071158
0.0055791863800323
-0.00944355995579826
-0.00144570022109747
0.0118229816713438
-0.00792331812419889
-0.00610818155382731
0.00362993382759669
0.0111948324778268
-0.0192189463729164
0.00624049463510801
-0.00151442953779224
-0.00141631075678106
-0.00574049586123238
-0.0113230085827354
0.00824175435877805
0.00582474483451279
0.00226979843841946
-0.00780865408682985
-0.0138158259784404
-0.00625740583939205
-0.00509260925412036
-0.00189729090084256
-0.0098641146466889
-0.00149010895415813
0.00518744914097624
0.0182326495088319
-0.0127123531361804
0.0106968599227457
-0.00148001763784578
-0.00420015940130725
-0.0118275571638833
0.00708274321891622
-0.00725232912395768
-0.0103510153619482
0.00746434405050422
-0.00627916981977705
-0.00374421403751057
0.00764942126670576
0.00727826740080673
-0.00388718762508233
0.00940959901038241
-0.00433089828368338
-0.00961025639253421
0.00451132561568102
0.00995014271427408
0.00776326363427415
0.0089859219436903
0.00109486193662178
-0.00875132794749334
-0.00264019089797785
-0.00372265422527107
0.00404254855106956
0.00306084874125645
-0.017549734975205
0.00436584846170263
0.0036439700329538
0.00776337009347117
-0.0182791497362587
-0.00352182553149305
0.00612640532438036
-0.00320204480942721
5.09984772634198e-06
-0.0145532536021165
-0.00402829593701881
-0.0123936667532689
0.00254715847881926
-0.00884484468986102
0.0122330320363062
-7.59315889808931e-06
0.014458842037584
0.00434711309151226
0.0229972074414491
-0.00458255095725235
-0.0054051567225315
-0.0109855055444541
0.0123059491842241
-0.0021650347295008
-0.0157861024044905
-0.027333160103808
0.00814033589665542
-0.0101608872811312
-0.000322694213195973
0.00133398088041758
-0.00197876988841017
0.00363197154581485
0.0040063276736646
0.0196851817174775
-0.00215396210887775
-0.00290050859803159
0.0150786787896777
-0.00406821017577386
0.00094005937626207
0.00165160227118122
-0.00238312861506529
-0.0116568998006414
-0.0134149054995305
0.021009875238633
0.00153204817070218
0.00904672329522782
-0.00892725252481341
-0.0132807396249746
0.00287896741440363
0.0060405619121866
0.00140518819512181
0.016938393183068
0.00548399122772025
-0.000399752663042818
-0.00573944565951479
0.00854363870757879
-0.00386342078331836
-0.0127842913282166
-0.00710751915096353
0.0069026370380243
-0.00281353898094494
0.00814427744580826
0.00969743351413399
