0.617211454369794
-0.569474144176722
0.60656415638269
0.470995472626816
0.958633170605864
-0.509578726900929
0.233596583441906
1.44408523742162
1.17620626333475
1.40874640461119
1.4683465603555
1.58605656742286
1.57621182462857
1.06010465058576
0.991306922960577
0.316381914400219
0.866422031123887
1.28493519186965
0.551137970172949
1.1332438807904
0.795241529131843
1.50931400108412
0.126615489381562
1.25714528066344
0.260451872841217
1.3248994727762
0.965664007551173
-0.173182677404163
-0.00252457913224702
0.70356437136285
-0.43980183554069
-0.308914429617476
-0.316314746244845
-0.828123040977194
-0.458099045470022
-0.13698281229614
-0.440405818030941
-0.994209420754435
-1.41127997707058
-1.10925564615886
-1.54635703085007
-0.807186901310578
-0.971812494120862
-1.72303379129523
-0.244024343509522
-1.11599154767599
-0.724850167251158
-1.1446274154405
-1.05557481663847
-1.34350473709521
-0.932501856589596
-0.336499778991919
-1.12700493429749
0.173227886225296
-0.836280972300855
-0.146264747456768
-0.232822542862636
-1.08561783765019
-0.42013782898813
-0.31274606640335
-0.0806614789185457
-0.149877692342962
0.406750788956605
-0.282725636761456
-0.0769297745450463
-0.19304643814345
-0.028358456886922
1.52894990532364
-0.00169327639532535
0.555866840890583
0.455767113349587
0.801171545221657
1.88935295726791
0.883748742509758
1.5239820998238
1.986492518269
1.52502393654923
1.25267226068699
0.665849786384001
1.0438224915592
1.67336456702499
-0.0135895930727694
0.270307635898084
0.523154857533474
0.411222241830764
-0.058501426716917
1.0514041366943
-0.320713544999591
0.647672809973314
0.720044960542422
-0.336073068009261
-0.38340620408428
0.114066415498544
0.578156321014189
-0.364018832800289
-0.491378564693753
-1.11725815838848
-0.205203736312823
-0.285821250840081
0.246592291873031
-0.242827652383099
-0.113584702839612
-1.0056509546978
-0.41904435156843
-1.06361284834396
-2.50335375838215
0.0242363490909591
-0.803930742765281
-0.344356403548025
-1.17589573095502
-0.795703225366763
-0.840814089626498
-0.0986987715936497
-0.364349251459707
-0.788753095210421
-0.347508669635821
-0.555118768583116
0.486380309097692
-1.05553302606306
-2.03381789270122
-0.231592484065579
-0.0612816494306059
-0.319503330911641
0.254779030566651
0.146677792837522
0.134231512596006
1.56867688691179
-0.0788450519977285
-0.656054520669082
-0.215089290067001
0.155289738333731
0.653557438586437
1.95060132203048
0.503679602225841
1.89071881636635
0.852842962651351
1.51638370847235
0.668601655567423
1.15309113208619
1.37911346016207
0.225503563604556
1.63867275908025
1.22711157684015
0.500069497395533
0.722085149320365
0.554648885342714
0.95299324855642
1.23443489970949
0.87343260558173
1.21491807216952
0.489749669180632
0.158270294745762
-0.16744370706976
-0.0375569654080206
0.00751111818825956
-0.717381436034099
0.295851433157213
0.0290133562948622
0.181530833679931
-0.294477101959865
-0.108183824235057
-0.978536927807603
-0.486378112694966
-0.416156161253311
0.142757438503941
-0.714262478789715
-0.462443525174601
-0.999845960242383
-0.329021562727003
-1.63934723186826
-0.691768581073729
-1.27873546743947
-0.897292024693126
-0.982359214955373
-0.461481060105964
-0.168925921409366
-1.56705998651581
-0.90950149745929
-0.792347984949084
-0.871294288264711
-1.45077772396141
0.00284176170286476
-0.799386528329779
-0.368576339213253
0.205806293919754
-0.622930839340827
-0.8726878051637
-0.156941667032118
0.898502834095706
-0.0564151414169887
0.280354424747121
0.565320423014227
-0.3466774279185
0.471048013128497
1.11720984951458
0.636001852733642
0.17171177224445
0.80486743240706
1.76350161212978
0.894810695733807
0.731198069987414
0.773879947237711
1.19337227600301
1.06760626177103
1.28315392681258
1.18695725164423
0.887401678293136
1.29323535643199
1.85588297612885
1.16632131923912
0.878868237746852
1.31924794051328
1.4259035401351
0.365380189757416
0.913469199978426
-0.134307857193109
-0.0163436021647024
-0.181768293716366
-1.06482557019723
0.388979476487537
0.0501415735255577
0.149624530020531
-0.466325314897434
-0.382496034531424
-1.57745707222265
-0.721940342547423
-1.07589846621535
-0.528117692858054
-0.77533354329395
-0.871469114388851
-1.42071336980163
-0.165119111919367
-0.229675285764324
-0.961866344673762
-1.75370212207756
-1.3015890680716
-0.829668924352729
0.0173593736649771
-0.919151750542974
-0.152282276799723
-1.44999869707792
-0.783654960125354
-0.456665106532485
-0.1588417609996
-0.594710546491774
-0.429195263362795
0.253238142207421
-0.2880858525179
-0.316511376544202
0.0700718175497967
0.271081393583257
0.711741272213639
-0.0810053198833427
0.714759087647038
0.436174242188598
0.716435195987308
-0.31961928579979
0.409952768765739
0.523300410697932
0.66262617967643
1.10039074982264
0.912012299198975
0.49426926498642
1.39615128805388
0.941236195230335
1.75287522333006
1.27344673633755
2.10958709951709
0.508758997305013
0.508558934182165
0.191580034966249
0.697355847939026
0.743653729410024
0.804342004023401
0.319007584420145
0.621566049482436
0.566748260175795
-0.0827046047760725
-0.211943898817526
0.791052565318471
-0.671120969369977
0.124048290104253
-0.799392541288587
-0.377211078326624
0.0159042361650868
-0.932070232142281
-1.01437468599899
-0.583797917739596
-0.59521718145369
-1.22009354952487
-0.75719097741685
0.0836660754856061
-0.559622879076645
-0.71417461028136
-1.351356232906
-0.396949078531081
-1.32973146475998
0.0693004785770444
-0.753870242673958
-1.27777000781298
-1.33280342775411
-0.139077372115838
-0.43643602765424
-1.82905833601966
-1.58971257053133
-0.703803567194991
-0.886086061787073
-0.284632051829572
-1.47120955230474
0.35450249085771
-0.0585170079959819
0.268843778593711
-0.0650844810557051
-0.336429930547993
-0.338262225215784
0.309840566831407
0.293571034848566
0.872081081776171
0.434073622527374
0.592509880039447
0.936753659478793
0.894521563448843
1.42781862740897
1.6008874100576
0.266829186622837
1.77358179368708
0.419550417106413
0.374366368330286
0.312429519891872
0.961518024988181
0.429064181743086
1.00826860698591
0.606996656464381
0.830173988086831
1.0011332786974
0.54878270396087
0.84270438064897
1.03758792410645
-0.269664240458339
0.514139480823311
0.418928721596762
0.212355251086787
0.17323396736656
0.77743058010969
-0.809890399298892
-0.991792206180363
0.691590132270375
-0.213638176435008
-0.570991209167201
-1.57789407222427
0.164351241891443
-0.103392409519516
-2.232396689342
-0.574677521502222
-1.46528314582668
-1.58667364196618
-1.50911038600185
-0.0981191405263658
-1.81825385573799
-1.02448698207926
-1.76099757228176
-1.03673966600112
-1.02394160482532
-0.608508271440871
-0.74301878297944
-0.387373545665431
-1.14464624919404
-1.28195160181378
-1.82563162064282
-0.997952576890049
-0.289646376962007
-0.328539952240435
-0.759989880692711
0.334080416829473
0.439066145497118
-0.000599793317019107
-0.200979109167912
-0.337850625377176
-0.318742473545319
0.487242922600829
0.406374770499397
0.64505653469289
0.907572968558975
0.741722554867497
1.1105347310786
0.854048275619318
0.971066167599329
0.259747942975115
2.00486700919404
0.571704635166348
1.11279478329139
1.16385073857864
1.1007812653867
-0.0637197106980348
0.861754900037567
1.02009510411518
-0.380148610388333
1.25277667923313
0.911835090478482
1.13205663082131
0.467563251479781
0.291087781576883
0.339830959933734
0.1750063332167
0.0131430325231424
-0.267473353460126
0.0747673935889001
-0.027663024115213
-1.30053995082649
-0.605895153471712
-0.631062294428423
-0.503801042368473
-0.200047733070621
0.330664711758619
-0.78085524941076
-0.245468454815732
-2.28165145343736
-0.280651538721941
-0.85536351177572
-1.71723396467688
-1.41063488334774
-0.252007625362035
-1.4851215902221
-1.74190619891269
-0.332776624366352
-1.3006276782792
-2.03875294073134
-0.549714735757721
-0.908065033978084
-0.26858274156284
-1.29628495049234
-0.471721324904314
-0.659434801691979
-0.712317814225054
-0.96131806863356
-0.471202000834115
-0.267645731189666
0.541547977815116
-0.474362472772652
0.133517842960079
-0.201515952458992
-0.371374947272662
-0.186302543351431
-0.00401155601257391
1.22299004062497
1.32012664091315
0.557863193800751
0.95793928307007
0.77991950249356
0.880185654786784
0.640127408088098
0.798398122795493
1.52383238485729
0.52446233935559
1.14895661731647
1.14659043785696
1.44478092993847
-0.13337099083515
1.16719454526444
1.05327985208538
0.861685271310884
1.77239286913105
0.306543729711955
0.333080271282281
0.599483891767779
-0.251237967086991
0.408416004661929
1.37603833917567
-0.37613085717291
-0.162434444374612
1.30704555032713
-0.099675102016506
0.994474353146597
-0.545369157670221
0.434796319788712
-0.692022961518708
-0.25027739362294
-0.699258128957939
-0.948178355589438
-0.293050834529304
-0.933811830998127
-2.29738244275217
-0.905630618726604
-0.137516470481025
-1.45244273093994
-0.388857306261591
-1.42608131919836
-0.644677470134143
-0.809035656735999
-0.605527783525836
-0.100647547384456
-1.79159328902785
-0.659318145261538
-1.35033493001915
-1.05855579738894
-0.333286845247062
-1.06585023459567
-0.260015672322764
-0.448451027956535
-0.185952616714193
-1.10377919976099
-0.497568361448259
0.298106348798093
0.990687904200608
0.869853036076856
-0.519508751262485
0.00473172106196779
0.15544444964621
1.09790285067941
2.07389524564897
0.247914634852438
0.45279719321327
0.258871668419014
0.447632692022377
0.722863005319707
0.448582814077958
0.433106491071943
0.461763706203621
-0.270849011103182
0.400504139721104
0.032609040413314
1.31011415545365
0.544974713268547
1.17820318532569
0.962048567116302
1.47998430441411
-0.197357862195404
0.510361152117419
0.645128843481639
0.527211510553415
0.641374635219161
0.456756497307202
0.263672722995937
-0.30373839621861
0.484319375791606
-0.091519866954193
0.334343722411633
-0.346304605608548
-0.622676739706861
-0.668669283797828
-1.04652041128628
-1.40777534866504
-1.31341268406896
0.206385178085831
-0.346308796617045
-1.73273151070759
-0.474240947235672
-2.02564554256215
-0.300585458289708
-0.964769951962046
-0.244451123720165
-1.46747597692
-1.29216171030524
-0.37204742267561
-0.997950311006966
-1.51154895657914
-0.659230667221204
-1.01811084711902
-0.799790255800508
-0.683932674417742
-0.238719635002231
-0.849231350771815
-0.693838870304696
0.00534874564227156
-0.40279239837455
0.057690272977938
-0.216342829838272
0.564968631774955
0.810344335580775
-0.234213598909289
0.697279873641063
0.857330649753146
1.15417931195834
0.710740545397779
-0.0247669009195534
0.292068761111209
0.753526358737328
0.659194202556766
1.14275865491379
0.819887784868842
1.48898229979683
0.725416889777406
0.886438328255706
1.37907080532824
0.74044477715891
0.104594188739862
0.766081837427633
0.596031858326713
1.13365931752834
0.233377857557312
0.9858894380862
1.44571470873455
-0.207707401540973
-0.110167015834063
-0.552457142917809
0.655503739577856
-0.138591521168778
-0.0799209064796272
-0.340733069591456
-0.22931931473408
-0.118193249917102
0.394246881269877
-0.238634289637185
-0.761416597399833
-0.528740279417813
-0.770451930451766
-1.13723233119466
-0.777894482097672
-0.884737675363638
0.186474379890499
-1.13961651837513
-1.10639990136059
-1.08420222712961
-1.28500082070117
-0.844950667266241
-1.54316764447048
-1.39888022714586
-0.995073826758938
-0.278409053091418
0.0584383047693786
-0.731262420463133
-0.406988267628739
-0.330527075230941
-0.780828116900729
0.108946836342883
0.562166497633991
-0.55783236492741
0.0223305954552329
0.179141462291348
0.105883873353547
-0.154915428634366
0.00766122443924983
-0.033093951920371
1.27863356351974
-0.135064516919664
1.03974050411054
1.72378350752042
1.36305229735844
1.18031178640136
0.904563448558113
-0.120220519483886
0.805047598404412
1.43806054322291
1.03177567115248
-0.0204657942168958
1.19344536472875
1.38050148485097
1.62764072542448
0.419879755722324
0.873777661125786
1.24641144617132
0.152313079558041
1.34106603675637
0.37758409225095
0.0183347100791775
-0.447034929678468
0.268970490318847
0.254571256924141
0.204903662963208
0.205267210598408
0.545896113825181
-0.366897122441126
-0.646771157889257
-0.587016206950242
0.450800656222302
-0.669759507524791
-0.767776929114399
-1.1836568353905
0.124342458052257
-1.26780003565748
-1.00003544809728
-0.882674241800101
-0.440579582708877
-1.02296235595984
-0.797562943198875
-1.21070550506213
-0.40498456272
-0.508142063730479
-0.301936563895305
-1.26992396550487
-0.723730513091641
-0.808684579511347
-1.37903002861357
-0.843130351595362
0.0366285725628438
-0.101774921136094
-0.0474740154396596
-0.497256930039543
-0.421784900732998
0.556702950295129
0.0630744668388671
-0.0905432798223459
-0.332585860721212
1.53364832133105
-0.173175581441696
0.342802310176955
0.823086006217847
0.530296718961944
0.841013051444137
0.621610821727148
1.05225948134267
1.12280010954346
-0.236107062324796
0.888197110233964
0.534536062407385
1.1010069298293
1.48277218939011
0.826608797241888
0.655063585148811
0.817809491782842
0.530509796757113
1.33987124922867
1.1322444220694
1.47895850077651
0.455846904513893
-0.184605747920933
1.14095779407094
-0.453438613516771
0.143873727200835
-0.186514783673958
-0.176722508011093
-0.498259422146858
0.195816876085044
-0.411935971693965
0.176350996708104
-0.801038046695739
-1.35613799774315
-1.14063752796421
-0.639134493428124
-1.12709337210997
-0.214150950208215
-1.59323788445181
-0.737252531348826
-0.901856181254317
-1.27760629309888
-0.620671497334222
-0.361767340407565
-1.94031399345773
-0.391274398410768
-1.68085901509425
-1.65622998169847
-0.759947896373274
-0.246887362667515
-0.391583119358531
-0.78566928592901
-0.762299682036135
-1.34492393521413
-1.49114714296997
-0.407692165199156
-0.545078011727327
-0.255358814837331
-1.21662097074477
0.151679994176557
-0.00157886660119894
-0.0727331385206575
1.65733415944329
-0.234448851559078
0.260987409499902
0.727010407578741
0.9609683170007
0.310990174747721
0.904745468906701
0.890417827724355
0.954136340522513
1.09007509649218
0.975158891749214
0.386604987946461
0.593927424663883
0.430387541111299
1.29593764174237
1.27507125592588
1.46282951552293
1.21745454633374
0.885451273817863
0.531398250961032
0.650333084724733
1.14473938515158
0.130789208278972
0.651387173900043
0.866649555950227
1.24146756307683
0.664317355824794
-0.125985368941768
-0.117425954542577
-0.782662152290379
-1.22158334219105
0.179288375278854
-0.658822078568037
0.0685760505857804
-0.481301965713132
-1.26704486876464
-0.505171157699319
-0.190008355953578
-0.943832828075966
-0.920778196125025
-0.242526358751762
-1.0428174091231
-0.823380457901969
-0.402324383073808
-1.4773764006693
-0.605578918764572
-1.08657690658941
-0.556481653309927
-0.690304282217703
-1.57359140678553
-0.981130102750657
0.210003188623197
-1.6737981793718
-0.430274382491231
-0.632548575571234
-1.22407214825029
-1.06329766856876
-0.542137557301582
0.0779931293697615
-0.324905967803748
-0.502668078268717
-0.000551035381369462
-0.504371073307349
-0.209951701760097
-0.0929110485705071
-0.100953170560783
0.426627846205492
0.00035970268020602
1.86846798781504
0.00326231599668203
1.21225378648806
1.12193188594133
0.795860517525994
0.377098385676452
0.968910378273001
1.81554790313494
1.04831541729008
0.937091686599629
1.27211179535473
1.6274881204655
0.344618861974907
1.28610096600653
0.89103422652132
1.28953790263786
0.457638564220731
0.769975845839517
0.752564531278454
1.13622150271047
0.119123832349982
0.926263635031194
-0.635190745853745
0.492811445019076
0.423448107821758
-0.250917854942559
0.114794993993741
0.24024003197439
0.372401626761837
-0.959624629953378
-0.55381538860047
-1.00753509458272
-1.02386855199905
-0.130404193980468
-0.563068439980668
-1.49945167836563
-1.55665216662198
-0.850973569016056
-0.473631895597612
-1.05999843574702
-1.37128012524204
-0.642417893964105
-1.57287698119124
-1.55335119342204
-1.10699213689538
-0.901746703217562
-0.529281164900124
-0.409065570460113
-0.715214167384573
0.0291259201665248
-0.0791410815109665
-0.640550403162548
-0.602140884782302
0.360436078703376
-0.249868878755154
-0.52995583221827
0.645971305390927
1.13981127736331
0.412525935929931
0.709861327513256
0.0610025721738967
0.736025728573973
0.72841071168543
1.03344994824862
0.235474651818015
0.789278305625591
1.07773514979548
1.60701509482744
0.625326411621802
1.45652894745029
0.607158921223756
0.302899555645149
1.07658647976725
0.852183536431291
2.17218704439767
0.590913638943113
0.0718272909784671
0.0447541629311565
1.57697350895483
0.220582767067009
1.53309427234642
1.05501101474711
0.6217048627109
0.292156512878802
1.40351901706924
0.190549841411364
0.459305081965702
-0.522018641014607
-0.508521799999729
0.282118229210356
0.127928600371531
-0.138259012449238
-0.434111480258221
-0.543470871013778
-0.20681707455904
-0.261256968597934
-0.923360986702483
-0.393540260243254
-1.03838263283059
-0.819339506523667
-0.218424945397757
-1.88264947278337
-1.05141364390904
-1.08518037212793
-0.950449098597248
-0.824797271116594
-0.655667144449614
-2.44939894328422
-1.29351085245656
-0.0828899941039054
-1.06190603080053
-1.25325417390746
-1.06224615693326
-0.77062853525076
0.985700404061155
0.13818874690597
-0.114034200591894
0.557268469462908
-0.125418456400679
-0.563529485416917
-0.343829916025356
-0.172228814595645
0.583787622865099
-0.500598009772861
0.241756030755319
0.937234993296654
0.771412856395625
0.405958729541362
1.31619710570476
1.57525168017255
0.882969813554773
1.38793431194967
1.41873563991616
2.25930809469027
0.579083880325608
1.23895592812376
0.500023108474498
1.1185803498934
0.750964808585521
0.301715017950959
0.518718634310589
-0.267283633561104
1.24345127282217
0.486177273571702
0.295769880254948
1.00886884059797
0.686295285648387
0.000900762887769635
0.667957674723102
-0.199228242500997
-0.298568251222352
-0.180379598466822
-0.296757430975464
-0.399675873023867
-1.3414213642365
-0.948163711632207
-0.809093401931533
-0.586579010426213
-0.00302688782976301
-1.33851463569543
-0.789470587495433
0.299132594740898
-1.58317149015298
-0.677445764757061
-1.16659492324543
-0.603592785023747
-1.22801531840927
-1.33264827711537
0.4548661784333
-2.4801179979252
-0.556675949542865
-1.30403772315749
-0.926296153005939
-0.455386656728097
-0.774444855656541
0.266472663328586
0.393105173823144
